000000000000000000000000000000000000000000000000000000000000
000000000000000000000000000000000000000000000000000000000000
000000000000000000000022222222222222220000000000000000000000
000000000000000000000021111111111111120000000000000000000000
000000000000000000000021111111111111120000000000000000000000
000222222222222220000021111111111111120000000000000000000000
000211111111111120000021111111111111120000000000000000000000
000211111111111120000021111111111111120000000000000000000000
000211111111111122222221111111111111122222222222222200000000
000211111111111111111111111111111111111111111111111200000000
000211111111111111111111111111111111111111111111111200000000
000211111111111123333321111111111111123333333333211200000000
000211111111111120000021111111111111120000000000211200000000
000211111111111120000021111111111111120000000000211200000000
000233333333333320000021111111111111120000000000211200000000
000000000000000000000021111111111111120000000000211200000000
000000000000000000000021111111111111120000000000211200000000
000000000000000000000023333321123333320000000000211200000000
000000000000000000000000000021120000000000000000211200000000
000000000000000000000000000021120000000000000000211200000000
000000000000000000000000000021120000000000000000211200000000
000000000000000000000222222221122222222000000000211200000000
000000000000000000000211111111111111112000000000211200000000
000000000000000000000211111111111111112000000000211200000000
000000000000000000000211111111111111112000000000211200000000
000000000000000000000211111111111111112000000002211220000000
000000000000000000000211111111111111112000000002111120000000
000000000000000000000211111111111111112000000002111120000000
000000000000000000000211111111111111112222222222111120000000
000000000000000000000211111111111111111111111111111120000000
000000000000000000000211111111111111111111111111111120000000
000000000000000000000211111111111111112333333332111120000000
000000000000000000000211111111111111112000000002111120000000
000000000000000000000211111111111111112000000002111120000000
000000000000000000000211111111111111112000000002211220000000
000000000000000000000211111111111111112000000000211200000000
000000000000000000000211111111111111112000000000211200000000
000000000000000000000211111111111111112000000000211200000000
000000000000000000000233333321123333332000000000211200000000
000000000000000000000000000021120000000000000000211200000000
000000000000000000000000000021120000000000000000211200000000
000000000000000000000000000021120000000000000000211200000000
000000000000000000000022222221122222220000000000211200000000
000000000000000000000021111111111111120000000000211200000000
000000000000000000000021111111111111120000000000211200000000
000222222222222220000021111111111111120000000000211200000000
000211111111111120000021111111111111120000000000211200000000
000211111111111120000021111111111111120000000000211200000000
000211111111111122222221111111111111122222222222211200000000
000211111111111111111111111111111111111111111111111200000000
000211111111111111111111111111111111111111111111111200000000
000211111111111123333321111111111111123333333333333200000000
000211111111111120000021111111111111120000000000000000000000
000211111111111120000021111111111111120000000000000000000000
000233333333333320000021111111111111120000000000000000000000
000000000000000000000021111111111111120000000000000000000000
000000000000000000000021111111111111120000000000000000000000
000000000000000000000023333333333333320000000000000000000000
000000000000000000000000000000000000000000000000000000000000
000000000000000000000000000000000000000000000000000000000000
